[gd_scene load_steps=15 format=2]

[ext_resource path="res://places/VrInit.gd" type="Script" id=1]
[ext_resource path="res://worldassets/Crate.tscn" type="PackedScene" id=2]
[ext_resource path="res://player/HUD.tscn" type="PackedScene" id=3]
[ext_resource path="res://player/PlayerBody.tscn" type="PackedScene" id=4]
[ext_resource path="res://textures/unused/grass.png" type="Texture" id=5]
[ext_resource path="res://textures/unused/grassnormal.png" type="Texture" id=6]
[ext_resource path="res://worldassets/walls/Panel.tscn" type="PackedScene" id=7]


[sub_resource type="SpatialMaterial" id=1]
albedo_color = Color( 0.976471, 0.137255, 0.137255, 1 )

[sub_resource type="BoxShape" id=2]
extents = Vector3( 1.14032, 1, 1 )

[sub_resource type="QuadMesh" id=3]

[sub_resource type="ViewportTexture" id=4]
viewport_path = NodePath("Viewport")

[sub_resource type="SpatialMaterial" id=5]
resource_local_to_scene = true
flags_transparent = true
albedo_texture = SubResource( 4 )

[sub_resource type="SpatialMaterial" id=6]
albedo_texture = ExtResource( 5 )
normal_enabled = true
normal_scale = 5.82
normal_texture = ExtResource( 6 )

[sub_resource type="BoxShape" id=7]
extents = Vector3( 10, 0.05, 10 )

[node name="Game" type="Spatial"]
script = ExtResource( 1 )

[node name="Red box" type="StaticBody" parent="."]
transform = Transform( 0.502809, 0, -0.864398, 0, 1, 0, 0.864398, 0, 0.502809, 1.716, 1.07204, -4.764 )
collision_layer = 3
collision_mask = 3

[node name="2x2 box" type="CSGBox" parent="Red box"]
width = 2.27935
material = SubResource( 1 )

[node name="CollisionShape" type="CollisionShape" parent="Red box"]
shape = SubResource( 2 )

[node name="DirectionalLight" type="DirectionalLight" parent="."]
transform = Transform( 0.257268, -0.412469, 0.873889, 0, 0.904329, 0.426836, -0.96634, -0.109811, 0.232655, 3.49285, 3.60922, -0.610857 )
light_color = Color( 1, 0.968627, 0.478431, 1 )
light_cull_mask = 4294950911
shadow_enabled = true
shadow_bias = -0.3
directional_shadow_normal_bias = 1.0

[node name="Viewport" type="Viewport" parent="."]
size = Vector2( 1024, 600 )
transparent_bg = true
hdr = false

[node name="HUD" parent="Viewport" instance=ExtResource( 3 )]

[node name="HeightMeter" type="MeshInstance" parent="Viewport"]
transform = Transform( 0.596813, 0, -0.80238, 0, 1, 0, 0.80238, 0, 0.596813, 0.665531, 1.05793, -4.20696 )
mesh = SubResource( 3 )
material/0 = SubResource( 5 )

[node name="Ground" type="StaticBody" parent="."]
collision_layer = 3
collision_mask = 3

[node name="GroundBox" type="CSGBox" parent="Ground"]
width = 20.0
height = 0.1
depth = 20.0
material = SubResource( 6 )

[node name="CollisionShape" type="CollisionShape" parent="Ground"]
shape = SubResource( 7 )

[node name="Crate" parent="." instance=ExtResource( 2 )]
transform = Transform( 1, 0, 0, 0, 1, 0, 0, 0, 1, -4.11553, 0.340567, -0.682458 )

[node name="Crate2" parent="." instance=ExtResource( 2 )]
transform = Transform( 1, 0, 0, 0, 1, 0, 0, 0, 1, -4.126, 0.34381, -1.1032 )

[node name="Crate3" parent="." instance=ExtResource( 2 )]
transform = Transform( 0.934049, 0, -0.357146, 0, 1, 0, 0.357146, 0, 0.934049, -4.14545, 0.723184, -0.902768 )

[node name="Crate4" parent="." instance=ExtResource( 2 )]
transform = Transform( 0.934049, 0, -0.357146, 0, 1, 0, 0.357146, 0, 0.934049, -4.14545, 1.06273, -1.1199 )

[node name="Crate5" parent="." instance=ExtResource( 2 )]
transform = Transform( 0.934049, 0, -0.357146, 0, 1, 0, 0.357146, 0, 0.934049, 1.332, 2.48331, -3.74218 )

[node name="PlayerBody" parent="." instance=ExtResource( 4 )]
transform = Transform( 1, 0, 0, 0, 1, 0, 0, 0, 1, 0, -0.00512594, 0.321639 )

[node name="Panel" parent="." instance=ExtResource( 7 )]
transform = Transform( -0.990868, 0, 0.134833, 0, 1, 0, -0.134833, 0, -0.990868, -5.05773, 0.935927, 0.463909 )
